0 2
0 30
0 423
0 33
0 34
0 7
0 9
0 10
0 11
0 13
0 90
0 15
0 17
0 94
0 26
0 58
0 31
1 0
1 86
1 4
1 7
1 8
1 10
1 13
1 17
1 22
1 98
1 26
2 0
2 4
2 416
3 28
3 30
3 4
3 5
3 8
3 11
3 15
3 17
3 21
3 22
3 141
3 25
3 26
4 65
4 1
4 2
4 3
4 416
4 9
4 10
4 11
4 12
4 13
4 15
4 17
4 21
4 22
4 127
4 26
4 30
4 31
4 291
4 92
4 38
4 560
4 94
4 198
4 382
4 423
4 55
4 580
4 58
4 279
5 3
5 8
5 17
5 21
5 22
5 98
5 25
5 26
6 0
6 28
6 149
6 30
6 423
6 291
6 337
6 9
6 10
6 385
6 14
6 16
6 17
6 261
6 19
6 126
6 22
6 44
6 63
6 94
7 0
7 1
7 337
7 9
7 10
7 11
7 12
7 13
7 171
7 15
7 75
7 208
7 30
7 31
7 86
7 133
7 94
7 178
7 300
7 260
7 198
7 643
7 58
7 159
7 279
8 0
8 81
8 1
8 92
8 3
8 4
8 5
8 129
8 107
8 167
8 11
8 73
8 385
8 17
8 21
8 30
8 22
8 141
8 31
8 25
8 26
9 0
9 167
9 4
9 6
9 7
9 10
9 11
9 13
9 14
9 16
9 17
9 18
9 19
9 20
9 75
9 28
9 30
9 86
9 92
9 94
9 376
9 98
9 141
9 337
9 44
9 401
9 711
9 260
9 184
9 261
9 643
9 215
9 385
9 156
9 691
9 121
10 0
10 1
10 30
10 4
10 6
10 7
10 9
10 11
10 12
10 13
10 14
10 15
10 261
10 94
10 126
10 31
11 0
11 3
11 4
11 7
11 8
11 9
11 10
11 12
11 13
11 73
11 198
11 31
11 30
12 0
12 30
12 4
12 6
12 7
12 86
12 10
12 11
12 13
12 15
12 94
12 31
13 0
13 30
13 4
13 7
13 9
13 10
13 11
13 12
13 15
13 94
14 0
14 30
14 6
14 337
14 9
14 89
14 16
14 261
14 44
14 18
15 0
15 28
15 3
15 4
15 12
15 13
15 17
15 94
15 30
15 50
15 26
16 423
16 6
16 9
16 92
16 313
16 209
16 385
17 0
17 4
17 5
17 700
17 367
17 19
17 21
17 22
17 209
17 127
17 25
17 26
17 81
17 27
17 28
17 129
17 260
17 665
17 261
17 123
17 385
17 149
18 14
18 337
18 73
18 129
19 27
19 28
19 149
19 6
19 549
19 9
19 367
19 249
19 17
19 20
19 21
19 92
19 123
19 25
19 26
20 27
20 28
20 9
20 19
20 21
20 22
20 25
20 26
21 0
21 3
21 4
21 5
21 8
21 17
21 19
21 20
21 699
21 22
21 209
21 25
21 26
21 27
21 28
21 549
21 260
21 261
21 385
21 149
21 73
21 121
22 27
22 1
22 3
22 4
22 6
22 8
22 28
22 198
22 19
22 20
22 21
22 17
22 26
22 25
22 30
23 423
23 47
23 247
23 50
23 36
23 320
23 154
23 80
25 1
25 3
25 5
25 8
25 701
25 17
25 19
25 20
25 21
25 22
25 313
25 209
25 26
25 27
25 28
25 214
25 47
25 549
25 260
25 385
25 149
25 129
25 73
26 0
26 27
26 28
26 149
26 30
26 5
26 549
26 336
26 260
26 50
26 15
26 17
26 261
26 19
26 20
26 21
26 123
26 25
27 28
27 149
27 549
27 50
27 17
27 19
27 21
27 25
27 26
28 27
28 150
28 699
28 31
28 549
28 9
28 15
28 17
28 261
28 19
28 20
28 21
28 643
28 22
28 121
28 25
28 26
29 0
29 30
29 31
29 15
29 140
29 386
30 0
30 3
30 4
30 6
30 7
30 8
30 9
30 12
30 13
30 14
30 15
30 22
30 565
30 26
30 643
30 31
30 86
30 35
30 90
30 38
30 376
30 140
30 237
30 101
30 94
30 107
30 353
30 159
30 381
31 0
31 2
31 4
31 7
31 8
31 11
31 12
31 13
31 171
31 15
31 26
31 28
31 29
31 30
31 33
31 34
31 90
31 94
31 560
31 140
31 46
31 198
31 55
31 157
31 159
31 91
32 50
32 123
33 0
33 31
33 157
33 34
33 159
33 91
34 0
34 91
34 31
34 33
35 299
35 129
35 82
35 149
35 30
35 423
35 291
35 407
35 278
35 154
36 23
36 279
36 359
36 89
37 299
37 412
37 127
37 334
37 230
38 0
38 15
38 30
38 4
39 418
39 279
41 547
41 47
41 50
41 109
41 334
42 112
42 283
42 221
42 326
42 399
42 391
42 252
43 252
43 578
43 268
43 23
43 700
43 372
43 359
43 123
43 307
43 52
43 579
43 362
43 50
43 154
43 385
44 401
44 711
44 6
44 182
44 9
44 184
44 14
44 18
44 337
44 101
45 234
45 247
45 309
45 229
45 718
45 556
45 150
45 390
45 42
45 199
46 31
47 325
47 393
47 359
47 134
47 702
47 41
47 553
48 413
49 268
49 309
50 268
50 347
50 423
50 570
50 239
50 331
50 412
50 127
51 568
52 268
52 386
52 235
53 268
53 423
53 397
53 412
53 127
53 233
54 379
54 135
54 568
54 99
55 30
55 31
55 157
55 58
55 159
55 4
227 254
227 207
227 365
227 363
57 388
58 0
58 55
58 3
58 4
58 7
58 107
58 133
58 198
60 578
60 366
60 291
60 662
60 203
60 274
60 410
60 618
61 159
61 242
478 134
478 123
62 66
62 309
62 50
62 249
62 362
62 52
62 42
63 581
63 144
63 316
63 703
63 493
63 707
63 373
63 279
64 129
64 215
64 73
64 423
64 17
65 104
65 268
65 423
65 416
65 291
65 380
65 85
65 80
65 385
65 90
65 100
65 241
65 211
65 390
65 710
65 178
65 182
65 4
66 362
67 247
67 256
67 312
67 407
67 579
68 578
68 423
68 291
68 241
68 127
68 265
69 208
69 167
69 141
69 328
69 291
69 602
69 50
69 397
69 197
69 313
69 101
69 252
70 268
70 291
70 231
70 150
70 391
70 253
70 252
72 167
72 130
72 315
72 291
72 90
72 327
72 127
72 154
73 337
73 8
73 701
73 17
73 18
73 21
73 129
73 423
73 87
73 540
73 92
73 345
73 542
73 107
73 185
73 148
73 261
73 75
73 385
73 348
73 587
73 724
73 64
74 208
74 226
75 7
75 73
75 542
75 21
75 17
75 337
76 129
76 423
76 337
76 133
76 141
76 279
77 309
77 407
77 123
78 547
78 578
78 227
78 570
78 291
78 260
78 50
78 209
79 664
79 115
79 214
79 696
80 65
80 130
80 643
80 169
80 379
80 279
80 247
80 568
80 229
80 407
80 266
80 581
80 150
80 138
80 386
80 208
80 23
80 101
80 423
81 271
81 8
81 17
81 260
81 121
82 182
82 640
82 662
82 130
82 423
82 109
82 550
82 230
82 540
82 239
82 523
82 334
82 327
82 96
82 154
82 85
83 423
84 175
84 196
84 309
84 220
84 42
84 706
84 383
84 279
84 252
85 65
85 82
85 710
85 100
86 1
86 30
86 7
86 9
86 12
86 98
336 291
336 69
336 134
336 523
336 150
336 313
336 101
88 252
88 42
88 291
88 309
88 235
89 156
89 36
89 542
89 75
89 78
89 209
89 385
90 0
90 65
90 30
90 31
90 402
90 72
90 150
90 376
90 320
90 154
91 34
91 31
91 11
91 33
92 0
92 65
92 167
92 4
92 8
92 9
92 285
92 16
92 73
92 19
92 127
92 208
92 209
92 25
92 366
92 27
92 82
92 710
92 328
92 291
92 89
92 241
92 542
92 178
92 101
92 60
92 129
92 423
92 260
92 130
92 327
92 385
92 578
92 268
92 570
92 665
92 410
92 334
92 412
92 17
93 231
93 309
93 150
93 252
94 0
94 225
94 30
94 4
94 261
94 6
94 337
94 9
94 12
94 13
94 15
94 331
94 17
94 381
94 412
94 31
94 423
95 268
95 423
95 407
95 117
95 277
95 600
96 640
96 82
96 423
96 167
96 523
96 334
96 327
96 344
96 165
97 196
97 716
97 268
97 309
97 239
98 1
98 86
98 9
98 261
98 156
99 127
99 17
99 260
100 104
100 90
100 696
100 664
100 79
100 211
101 0
101 167
101 313
101 30
101 423
101 113
101 291
101 44
101 69
101 336
101 191
101 285
101 214
101 260
101 92
101 410
101 390
101 385
101 662
101 271
101 252
102 311
259 150
259 311
104 65
104 664
104 291
105 643
105 366
105 410
105 345
105 279
105 400
106 316
106 207
106 50
107 198
107 55
107 30
107 31
107 58
107 8
107 147
107 73
107 17
107 42
107 3
107 252
108 297
108 223
108 463
108 402
109 640
109 82
109 423
109 227
109 359
109 206
109 334
109 41
110 641
110 279
112 579
112 309
112 339
112 42
112 242
112 252
113 309
113 101
114 82
114 268
114 423
114 247
114 662
114 127
114 239
114 60
114 150
114 704
114 413
114 279
114 63
114 252
115 268
115 380
115 696
115 150
115 664
115 79
116 123
117 268
117 150
117 407
117 95
118 279
118 579
118 154
118 407
118 252
119 373
119 130
119 581
119 316
119 703
119 213
119 360
119 208
119 279
120 369
120 220
120 397
120 706
120 383
120 391
120 42
120 252
121 81
121 28
121 9
121 184
121 21
121 17
121 261
121 376
121 126
122 138
122 333
122 712
122 354
123 448
123 394
123 367
123 338
123 17
123 19
123 77
123 710
123 26
123 129
123 32
123 316
123 398
123 136
123 571
123 103
123 324
123 186
123 381
123 478
123 484
123 193
123 116
123 489
123 359
123 334
123 278
124 147
124 568
124 231
124 720
124 354
124 138
124 243
125 388
125 252
126 547
126 6
126 10
126 261
126 209
126 121
126 385
127 130
127 423
127 334
127 50
127 282
127 37
127 277
127 318
127 412
128 362
128 147
129 348
129 700
129 123
129 134
129 73
129 702
129 76
129 17
130 661
130 82
130 423
130 182
130 72
130 92
130 327
130 241
130 127
130 211
130 119
130 366
131 149
131 309
131 52
131 150
131 412
131 24
132 242
133 82
133 366
133 7
133 146
133 229
133 11
133 123
133 266
133 63
133 17
133 58
133 138
133 76
133 391
133 99
133 279
133 247
133 484
134 305
134 572
134 47
134 336
134 50
134 478
135 568
135 54
136 423
136 123
137 233
138 122
138 333
138 712
138 539
138 124
138 241
138 355
138 354
138 577
138 52
138 413
138 99
138 243
138 143
139 144
140 29
140 30
140 31
141 167
141 3
141 416
141 5
141 69
141 8
141 184
141 92
141 410
141 76
142 190
143 138
143 152
143 150
143 354
143 243
144 244
144 279
144 407
144 139
144 414
144 63
144 252
146 190
146 703
146 247
146 133
146 221
146 339
146 373
146 233
146 252
148 185
148 73
148 209
148 17
268 578
268 330
268 115
268 52
268 150
268 252
150 268
150 423
150 272
150 302
150 162
150 413
152 568
152 143
153 233
154 649
154 235
154 72
154 23
154 252
154 82
154 398
154 35
154 90
154 256
154 50
154 302
154 118
154 579
154 581
154 193
154 309
154 359
154 407
154 694
154 363
154 279
154 698
155 231
156 337
156 209
156 261
157 31
158 283
158 314
158 202
158 154
158 229
158 42
158 242
158 252
159 0
159 30
159 4
159 33
159 7
159 157
159 90
159 198
159 560
159 61
159 414
159 31
584 208
584 252
161 309
161 59
162 379
162 190
162 150
163 703
163 222
163 359
163 360
163 300
164 412
165 96
165 82
165 359
165 334
166 423
166 229
167 662
167 328
167 291
167 9
167 249
167 72
167 241
167 345
167 96
167 141
167 178
167 101
167 385
587 17
587 523
587 73
587 423
169 279
169 80
170 166
170 640
170 127
170 418
170 362
171 7
171 31
172 413
173 279
174 413
175 383
175 220
176 134
176 41
176 359
176 109
177 260
178 65
178 225
178 167
178 423
178 291
178 220
178 578
178 401
178 285
178 260
178 383
178 278
178 662
178 385
179 311
180 252
181 373
181 665
182 65
182 82
182 130
182 423
182 291
182 282
182 60
182 334
182 149
182 127
182 710
182 565
183 362
184 578
184 121
184 261
184 376
184 141
184 271
184 44
266 322
266 511
266 293
266 133
266 706
266 327
266 298
266 279
266 344
266 80
186 208
186 662
186 451
186 402
186 574
186 229
186 123
186 99
186 279
186 400
600 423
188 288
188 380
188 551
299 256
299 35
299 694
299 37
299 412
299 502
190 378
190 537
190 294
190 199
190 295
190 231
190 569
190 150
190 387
190 289
190 142
191 288
191 188
191 418
191 380
191 101
111 429
111 424
111 425
111 426
111 427
111 168
111 588
111 431
111 583
111 435
111 610
111 432
111 218
111 593
111 430
111 590
194 231
194 229
195 373
195 292
195 359
426 168
426 588
426 583
197 390
198 0
198 4
198 7
198 9
198 11
198 12
198 13
198 14
198 15
198 21
198 22
198 26
198 28
198 29
198 30
198 423
198 94
198 560
198 337
198 107
198 643
198 31
198 55
198 58
198 159
198 63
199 190
199 537
199 247
199 309
199 229
199 231
199 720
199 569
199 150
199 42
199 252
200 99
200 317
200 581
200 360
201 309
201 252
201 279
201 242
201 42
202 283
202 158
202 42
202 296
202 297
202 279
202 252
203 578
203 60
205 362
206 641
206 316
206 284
206 388
206 109
206 576
206 577
206 279
208 489
208 484
208 74
208 80
208 212
208 328
208 291
208 316
208 213
208 92
208 455
208 186
208 552
208 400
208 715
208 678
208 581
208 584
208 309
208 690
208 119
208 279
209 547
209 662
209 25
209 542
209 701
209 16
209 17
209 261
209 21
209 92
209 126
209 101
209 385
210 579
210 537
210 147
210 220
210 124
210 720
210 569
210 150
210 252
211 65
211 130
211 366
211 241
211 410
211 100
211 271
212 208
212 580
212 423
213 373
213 260
213 119
213 188
213 208
213 279
213 63
214 547
214 260
214 388
214 150
214 618
214 79
214 313
214 101
215 423
215 9
215 581
215 64
215 229
216 359
216 325
216 36
216 222
216 23
216 561
438 309
438 279
438 150
219 109
219 73
219 423
219 318
219 359
220 661
220 175
220 180
220 283
220 84
220 193
220 350
220 383
220 327
220 60
220 369
220 323
220 391
220 371
220 42
220 56
220 210
220 252
221 42
221 252
222 216
222 581
222 300
222 316
222 317
222 163
222 63
223 237
223 149
225 423
225 570
225 50
225 412
225 278
225 178
225 386
226 362
226 324
226 74
56 220
56 282
56 350
228 311
229 578
229 641
229 231
230 640
230 82
230 282
230 423
230 47
230 334
230 229
230 407
230 50
230 540
230 37
230 411
230 318
230 127
231 244
231 190
231 267
231 124
231 236
231 70
231 194
231 229
231 718
231 273
231 720
231 250
231 353
231 576
231 556
231 263
231 199
231 709
231 243
448 412
448 63
448 123
234 320
234 716
234 252
236 45
236 485
236 720
236 367
236 231
236 558
236 569
236 42
237 362
237 331
237 30
237 223
631 423
631 407
239 82
239 282
239 50
239 664
239 97
239 127
240 297
241 65
241 167
241 130
241 68
241 291
241 285
241 138
241 265
241 211
242 415
242 201
242 340
242 158
242 603
242 132
242 360
242 339
242 301
242 342
242 319
242 61
242 279
242 714
242 335
243 138
243 568
243 555
244 231
244 144
245 362
246 307
246 279
246 576
247 45
247 356
247 67
247 485
247 258
247 703
247 146
247 133
247 373
247 23
455 60
455 82
455 373
455 423
455 340
455 309
455 247
455 418
455 80
455 662
455 388
455 407
455 412
455 133
455 150
455 138
455 279
455 208
455 42
455 252
249 52
250 231
250 54
250 283
250 150
638 607
638 609
638 611
638 613
638 286
638 624
638 628
638 630
638 633
638 635
638 636
638 644
638 269
638 655
638 657
638 440
638 442
638 443
638 446
638 145
638 452
638 458
638 459
638 559
638 464
638 275
638 492
638 591
638 594
638 597
638 598
638 601
638 606
253 423
253 101
254 282
254 411
254 227
254 378
256 299
256 579
256 154
256 67
640 82
640 154
640 423
258 580
258 423
258 247
258 213
258 309
258 714
258 279
103 51
103 568
103 54
103 243
103 123
260 710
260 401
260 41
260 234
260 204
260 214
260 17
260 177
260 99
260 178
260 101
260 385
683 413
261 699
261 6
261 337
261 9
261 10
261 21
261 17
261 126
261 209
261 26
261 28
261 423
261 94
261 662
261 547
261 711
261 50
261 184
261 385
261 149
261 156
261 407
261 73
261 121
643 28
643 30
643 105
643 9
643 575
643 410
643 580
643 603
643 305
263 231
264 147
264 279
264 229
264 150
264 252
265 68
265 291
265 568
265 229
265 241
265 565
265 101
185 148
185 73
185 17
185 423
185 540
267 421
267 231
149 27
149 705
149 131
149 182
149 223
149 336
149 394
149 35
149 665
149 17
149 419
149 19
149 549
149 21
149 362
149 26
149 24
149 261
645 362
270 363
271 81
271 547
271 578
271 337
271 184
271 73
271 410
271 17
271 211
271 101
271 345
272 147
272 150
273 231
274 60
274 567
274 83
274 252
274 420
467 304
467 296
276 297
276 293
277 127
277 282
277 411
278 225
278 268
278 423
278 694
278 367
278 35
278 540
278 706
278 123
278 178
278 581
279 366
279 206
279 173
279 76
279 563
279 373
279 242
279 169
279 208
279 264
279 105
279 291
279 316
279 246
279 213
279 36
279 438
279 39
279 721
279 144
279 300
279 50
279 266
279 404
279 186
279 150
279 110
279 224
279 154
279 579
279 305
279 114
279 487
279 697
279 493
279 119
279 63
281 402
281 315
281 235
282 254
282 411
282 423
282 50
282 277
282 320
282 127
282 154
283 42
283 220
283 323
283 252
284 45
284 305
284 485
284 309
284 718
284 556
284 206
284 421
284 419
285 225
285 401
285 366
285 291
285 260
285 50
285 241
285 178
285 64
285 385
287 383
287 307
287 42
287 252
287 564
288 188
289 190
289 311
291 167
291 285
291 397
291 241
291 208
291 252
291 423
291 706
291 298
291 99
291 42
291 253
291 662
291 451
291 147
291 50
291 150
291 265
291 578
291 268
291 178
291 270
291 59
291 557
291 307
291 197
291 279
291 602
292 373
292 195
293 322
293 266
293 489
293 706
294 190
295 190
295 150
296 304
297 189
297 281
297 303
297 202
297 351
297 516
297 108
297 538
297 240
297 463
297 384
297 276
298 322
298 266
298 288
298 293
189 316
189 297
300 581
300 222
300 163
300 373
300 279
300 63
300 200
331 237
331 381
331 423
331 50
302 268
302 154
302 386
302 150
303 297
303 463
602 45
602 69
602 291
304 467
304 296
304 315
603 643
603 423
603 316
603 247
603 242
603 305
603 63
603 252
305 493
305 643
305 316
305 284
305 134
305 325
305 575
305 563
305 279
305 698
485 316
485 236
485 247
485 284
485 402
307 150
307 291
307 246
307 420
307 287
307 576
307 383
307 252
308 413
193 711
193 699
193 123
193 412
193 154
193 252
489 423
489 316
489 293
489 123
489 412
489 208
310 233
311 102
311 567
311 417
311 259
311 228
311 408
311 179
311 312
311 554
311 412
311 389
311 289
614 253
312 362
312 67
312 311
313 547
313 69
313 336
313 214
313 16
313 101
313 385
314 42
314 330
314 279
314 576
314 252
315 281
315 72
315 304
316 716
316 305
316 200
316 485
316 106
316 574
316 489
316 123
316 317
316 206
316 707
316 343
316 208
316 279
316 63
316 119
316 222
317 200
317 316
317 360
317 701
317 222
317 703
318 127
318 50
318 423
318 724
318 230
319 242
319 144
320 90
320 234
320 252
321 65
321 716
321 579
321 423
321 336
321 407
321 376
321 231
321 569
321 277
321 369
321 577
321 211
322 266
322 298
322 293
322 63
323 268
323 283
323 220
323 229
323 383
323 252
324 136
324 123
325 47
325 305
325 334
649 281
649 154
326 175
326 42
326 369
327 60
327 82
327 130
327 423
327 291
327 197
327 220
327 662
327 229
327 266
327 72
327 92
327 410
327 268
327 334
327 96
327 578
327 178
327 252
328 69
328 167
328 208
328 92
328 291
329 581
329 252
330 268
330 314
301 242
503 309
333 539
333 138
333 122
333 354
334 82
334 423
334 291
334 549
334 550
334 229
334 230
334 123
334 325
334 540
334 109
334 37
334 523
334 96
334 50
334 127
334 41
334 182
334 165
335 343
335 242
335 252
87 73
87 17
87 423
87 129
337 0
337 167
337 6
337 7
337 9
337 14
337 73
337 18
337 75
337 76
337 27
337 30
337 92
337 345
337 94
337 41
337 44
337 711
337 260
337 50
337 261
337 126
337 385
337 141
337 156
337 542
337 17
337 271
338 17
338 73
338 123
339 415
339 112
339 146
339 42
339 242
339 252
392 677
392 505
392 506
392 507
392 510
392 512
392 667
392 668
392 504
392 341
392 332
392 676
343 309
344 229
344 266
344 96
344 231
344 722
344 706
344 383
344 298
344 233
345 167
345 418
345 268
346 383
346 577
346 413
346 149
346 42
347 50
422 677
422 505
422 506
422 507
422 508
422 510
422 392
422 512
422 504
422 332
422 667
422 668
422 672
422 341
422 675
422 676
516 402
516 42
516 309
516 50
516 150
516 297
516 413
516 23
516 110
516 252
350 661
350 56
350 420
350 309
350 220
350 383
350 344
350 42
350 391
350 252
351 297
352 720
353 231
353 30
353 323
354 122
354 124
354 333
354 138
354 243
354 143
355 138
355 147
355 243
356 573
356 247
356 720
356 371
570 225
570 50
358 233
359 129
359 176
359 109
359 47
359 219
359 216
359 195
359 123
359 493
359 36
359 163
359 674
359 154
359 165
359 561
360 362
360 200
360 119
360 163
360 317
360 279
360 252
523 82
523 423
523 587
523 336
523 388
523 540
523 334
523 96
523 63
362 364
362 372
362 66
362 128
362 645
362 402
362 170
362 340
362 183
362 562
362 226
362 205
362 360
362 245
362 62
362 43
363 227
364 362
364 279
365 227
366 60
366 130
366 66
366 105
366 178
366 260
366 285
366 345
366 211
366 279
366 410
367 129
367 167
367 130
367 109
367 82
367 50
367 359
367 393
367 123
367 41
367 260
367 17
367 410
367 19
367 268
367 412
367 127
367 710
367 278
367 385
618 578
618 696
618 410
618 79
618 211
618 60
691 147
369 268
369 283
369 42
369 220
369 326
369 421
369 371
369 120
369 252
370 190
370 42
370 237
370 50
370 52
370 233
371 356
371 342
371 220
371 576
371 369
371 252
372 362
372 66
372 43
373 255
373 292
373 181
373 300
373 703
373 247
373 213
373 309
373 195
373 697
373 119
373 146
373 279
373 63
373 581
694 299
694 423
694 50
694 412
694 278
694 154
702 129
702 393
376 9
376 30
376 90
535 388
378 254
379 54
380 65
380 191
380 115
380 551
380 664
380 79
381 30
381 123
381 331
381 94
381 50
381 279
382 72
382 4
382 252
383 406
383 175
383 346
383 323
383 420
383 220
383 409
383 541
383 307
383 706
383 391
383 252
384 229
385 65
385 547
385 313
385 423
385 6
385 260
385 89
385 285
385 21
385 16
385 17
385 261
385 126
385 92
385 78
385 710
385 178
385 101
386 225
386 299
387 190
387 100
388 57
388 206
388 535
389 698
389 42
389 252
389 309
389 311
390 65
390 45
390 578
390 291
390 229
390 50
390 571
390 662
390 60
390 197
390 421
390 311
390 42
390 101
390 252
391 268
391 420
391 220
391 350
391 541
391 362
391 383
391 42
391 252
457 233
457 63
393 47
393 702
394 149
394 123
395 309
395 227
396 407
540 82
540 423
540 230
540 185
540 523
540 73
540 334
540 278
540 50
399 42
400 105
400 144
400 402
400 220
400 35
400 241
400 208
400 423
401 178
401 9
401 260
401 285
518 505
518 506
518 507
518 508
518 509
518 510
518 392
518 512
518 514
518 526
518 527
518 528
518 536
518 667
518 668
518 671
518 672
518 341
518 675
518 676
518 677
518 422
518 679
518 357
518 684
518 685
518 686
518 332
518 504
402 281
402 485
402 516
402 108
402 90
402 362
511 719
511 130
511 59
511 268
403 233
404 175
404 279
404 268
404 283
404 420
404 309
404 220
404 190
404 150
404 383
404 344
404 42
404 242
404 252
405 149
405 309
405 59
406 383
407 118
407 67
407 144
407 117
407 35
407 631
407 708
407 95
407 396
407 41
407 154
407 321
407 423
408 279
408 311
408 150
408 42
408 63
408 243
408 252
409 383
410 166
410 83
410 578
410 268
410 643
410 366
410 105
410 291
410 271
410 60
410 150
410 618
410 327
410 207
410 141
410 227
410 101
410 211
411 254
411 282
411 230
411 277
411 412
411 252
412 299
412 164
412 423
412 614
412 193
412 407
412 50
412 71
412 694
412 307
412 411
412 127
412 311
412 502
412 155
413 572
413 683
413 663
413 48
413 308
413 172
413 150
413 138
413 174
414 144
415 112
415 339
415 242
416 65
416 141
416 2
416 178
416 4
417 311
418 345
696 664
696 115
696 79
419 284
419 149
419 63
419 50
421 268
674 359
423 65
423 166
423 282
423 68
423 101
423 631
423 127
423 640
423 82
423 130
423 83
423 35
423 318
423 138
423 178
423 253
423 182
423 50
423 109
423 261
423 150
423 385
423 225
423 578
423 570
423 229
423 388
423 230
423 331
423 60
423 334
423 600
423 278
424 429
424 425
424 426
424 427
424 168
424 588
424 431
424 583
424 435
424 218
424 430
424 590
425 583
425 426
425 168
425 588
425 431
425 590
196 97
196 42
196 283
196 252
427 583
427 426
427 430
427 168
427 588
427 431
427 590
428 151
428 582
428 160
428 586
428 589
428 433
429 425
429 583
429 426
429 427
429 168
429 588
429 431
429 590
429 435
429 218
429 430
430 426
430 168
430 588
430 431
430 583
431 168
431 588
431 583
432 429
432 424
432 425
432 426
432 427
432 168
432 588
432 431
432 583
432 435
432 218
432 430
432 590
433 160
433 586
433 151
433 582
433 589
434 151
434 582
434 160
434 585
434 428
434 589
434 433
434 586
435 425
435 426
435 427
435 168
435 588
435 431
435 583
435 430
435 590
436 151
436 582
436 160
436 585
436 428
436 589
436 433
436 434
436 586
437 151
437 582
437 160
437 585
437 428
437 589
437 433
437 434
437 586
218 425
218 583
218 426
218 588
218 168
218 430
218 431
218 590
439 151
439 582
439 160
439 585
439 428
439 589
439 433
439 434
439 436
439 437
439 586
440 611
440 598
441 612
441 615
441 616
441 617
441 217
441 619
441 620
441 626
441 636
441 428
441 434
441 436
441 437
441 439
441 442
441 459
441 460
441 462
441 559
441 585
441 492
441 592
441 596
441 599
441 187
441 604
441 605
442 612
442 615
442 616
442 617
442 217
442 619
442 620
442 626
442 434
442 436
442 437
442 439
442 441
442 248
442 460
442 461
442 462
442 592
442 596
442 599
442 187
442 604
442 605
443 607
443 609
443 611
443 613
443 286
443 591
443 624
443 594
443 597
443 598
443 440
443 601
443 606
444 608
444 610
444 621
444 622
444 623
444 625
444 627
444 492
444 636
444 424
444 425
444 426
444 427
444 429
444 430
444 431
444 432
444 435
444 218
444 442
444 445
444 449
444 450
444 453
444 459
444 559
444 590
444 593
444 595
444 192
444 111
445 608
445 610
445 621
445 622
445 623
445 625
445 424
445 425
445 426
445 427
445 429
445 430
445 431
445 432
445 435
445 218
445 583
445 168
445 588
445 590
445 593
445 595
445 192
445 111
446 607
446 609
446 611
446 613
446 286
446 624
446 628
446 636
446 440
446 442
446 443
446 452
446 458
446 459
446 559
446 492
446 591
446 594
446 597
446 598
446 601
446 606
447 608
447 610
447 621
447 622
447 623
447 625
447 627
447 238
447 492
447 636
447 424
447 425
447 426
447 427
447 429
447 430
447 431
447 432
447 435
447 218
447 442
447 444
447 445
447 449
447 450
447 453
447 456
447 459
447 559
447 583
447 168
447 588
447 590
447 593
447 595
447 192
447 111
232 608
232 610
232 621
232 622
232 623
232 625
232 627
232 238
232 636
232 442
232 444
232 445
232 449
232 450
232 453
232 456
232 459
232 559
232 492
232 595
232 192
232 111
449 608
449 610
449 621
449 622
449 623
449 625
449 492
449 636
449 424
449 425
449 426
449 427
449 429
449 430
449 431
449 432
449 435
449 218
449 442
449 445
449 450
449 453
449 459
449 559
449 583
449 168
449 588
449 590
449 593
449 595
449 192
449 111
450 608
450 610
450 621
450 622
450 623
450 625
450 492
450 636
450 424
450 425
450 426
450 427
450 429
450 430
450 431
450 432
450 435
450 218
450 442
450 459
450 559
450 583
450 168
450 588
450 590
450 593
450 595
450 192
450 111
145 607
145 609
145 611
145 613
145 286
145 624
145 628
145 636
145 440
145 442
145 443
145 452
145 458
145 459
145 559
145 492
145 591
145 594
145 597
145 598
145 601
145 606
452 607
452 609
452 443
452 611
452 613
452 286
452 601
452 458
452 459
452 559
452 591
452 624
452 594
452 597
452 598
452 440
452 442
452 492
452 636
452 606
453 608
453 610
453 621
453 622
453 623
453 625
453 492
453 636
453 424
453 425
453 426
453 427
453 429
453 430
453 431
453 432
453 435
453 218
453 442
453 445
453 459
453 559
453 583
453 168
453 588
453 590
453 593
453 595
453 192
453 111
454 612
454 615
454 616
454 617
454 217
454 619
454 620
454 626
454 636
454 428
454 434
454 436
454 437
454 439
454 441
454 442
454 248
454 459
454 460
454 461
454 462
454 559
454 585
454 492
454 592
454 596
454 599
454 187
454 604
454 605
248 612
248 615
248 616
248 617
248 217
248 619
248 620
248 626
248 636
248 428
248 433
248 434
248 436
248 437
248 439
248 442
248 459
248 460
248 462
248 559
248 151
248 582
248 160
248 585
248 586
248 589
248 492
248 592
248 596
248 599
248 187
248 604
248 605
456 608
456 610
456 621
456 622
456 623
456 625
456 492
456 636
456 424
456 425
456 426
456 427
456 429
456 430
456 431
456 432
456 435
456 218
456 442
456 445
456 449
456 450
456 453
456 459
456 559
456 583
456 168
456 588
456 590
456 593
456 595
456 192
456 111
251 612
251 615
251 616
251 617
251 217
251 619
251 620
251 626
251 636
251 439
251 441
251 442
251 454
251 248
251 459
251 460
251 461
251 462
251 559
251 492
251 592
251 596
251 599
251 187
251 604
251 605
458 607
458 609
458 611
458 613
458 286
458 591
458 624
458 594
458 597
458 598
458 440
458 601
458 606
459 612
459 615
459 616
459 617
459 217
459 619
459 620
459 626
459 428
459 433
459 434
459 436
459 437
459 439
459 441
459 248
459 460
459 461
459 462
459 151
459 582
459 160
459 585
459 586
459 589
459 592
459 596
459 599
459 187
459 604
459 605
460 612
460 615
460 616
460 617
460 217
460 619
460 620
460 626
460 636
460 428
460 433
460 434
460 436
460 437
460 439
460 442
460 459
460 559
460 151
460 582
460 160
460 585
460 586
460 589
460 492
460 592
460 596
460 599
460 187
460 604
460 605
461 612
461 615
461 616
461 617
461 217
461 619
461 620
461 626
461 636
461 436
461 437
461 439
461 441
461 442
461 459
461 460
461 462
461 559
461 492
461 592
461 596
461 599
461 187
461 604
461 605
462 612
462 615
462 616
462 617
462 217
462 619
462 620
462 626
462 636
462 428
462 433
462 434
462 436
462 437
462 439
462 442
462 459
462 559
462 585
462 492
462 592
462 596
462 599
462 187
462 604
462 605
463 297
463 108
464 607
464 609
464 611
464 613
464 286
464 624
464 628
464 636
464 440
464 442
464 443
464 446
464 145
464 452
464 458
464 459
464 559
464 492
464 591
464 594
464 597
464 598
464 601
464 606
465 612
465 615
465 616
465 617
465 217
465 619
465 620
465 626
465 636
465 637
465 257
465 262
465 280
465 651
465 652
465 659
465 660
465 439
465 441
465 442
465 454
465 248
465 251
465 459
465 460
465 461
465 462
465 559
465 466
465 471
465 472
465 492
465 592
465 596
465 599
465 187
465 604
465 605
466 612
466 615
466 616
466 617
466 217
466 619
466 620
466 626
466 636
466 428
466 433
466 434
466 436
466 437
466 439
466 441
466 442
466 454
466 248
466 251
466 459
466 460
466 461
466 462
466 559
466 471
466 585
466 492
466 592
466 596
466 599
466 187
466 604
466 605
275 607
275 609
275 611
275 613
275 286
275 624
275 628
275 630
275 636
275 440
275 442
275 443
275 446
275 145
275 452
275 458
275 459
275 559
275 492
275 591
275 594
275 597
275 598
275 601
275 606
468 628
468 630
468 633
468 635
468 636
468 638
468 644
468 269
468 647
468 654
468 655
468 656
468 657
468 442
468 446
468 145
468 452
468 459
468 559
468 464
468 275
468 492
469 613
469 286
469 624
469 628
469 630
469 633
469 635
469 636
469 638
469 644
469 269
469 647
469 654
469 655
469 656
469 657
469 442
469 443
469 446
469 145
469 452
469 458
469 459
469 559
469 464
469 275
469 468
469 492
469 591
469 594
469 606
470 623
470 625
470 627
470 629
470 238
470 632
470 634
470 636
470 639
470 544
470 642
470 646
470 648
470 650
470 653
470 658
470 442
470 444
470 445
470 447
470 232
470 449
470 450
470 453
470 456
470 459
470 559
470 474
470 492
470 192
471 612
471 615
471 616
471 617
471 217
471 619
471 620
471 626
471 636
471 428
471 433
471 434
471 436
471 437
471 439
471 441
471 442
471 454
471 248
471 459
471 460
471 461
471 462
471 559
471 160
471 585
471 589
471 492
471 592
471 596
471 599
471 187
471 604
471 605
472 612
472 615
472 616
472 617
472 217
472 619
472 620
472 626
472 636
472 428
472 433
472 434
472 436
472 437
472 439
472 441
472 442
472 454
472 248
472 251
472 459
472 460
472 461
472 462
472 559
472 471
472 585
472 492
472 592
472 596
472 599
472 187
472 604
472 605
473 655
473 145
473 644
473 269
473 647
473 492
473 459
473 654
473 464
473 656
473 657
473 275
473 633
473 628
473 630
473 442
473 559
473 635
473 636
473 446
473 638
474 622
474 623
474 625
474 627
474 629
474 238
474 632
474 636
474 639
474 544
474 642
474 646
474 648
474 650
474 653
474 658
474 444
474 445
474 447
474 232
474 449
474 450
474 453
474 456
474 559
474 595
474 192
475 607
475 609
475 611
475 613
475 286
475 624
475 628
475 630
475 633
475 635
475 638
475 644
475 269
475 647
475 654
475 655
475 656
475 657
475 440
475 443
475 446
475 145
475 452
475 458
475 464
475 275
475 468
475 469
475 473
475 40
475 481
475 591
475 594
475 597
475 598
475 601
475 606
476 612
476 615
476 616
476 617
476 217
476 619
476 620
476 626
476 636
476 637
476 257
476 262
476 280
476 651
476 652
476 659
476 660
476 441
476 442
476 454
476 248
476 251
476 459
476 460
476 461
476 462
476 559
476 466
476 471
476 472
476 492
476 592
476 596
476 604
476 605
477 608
477 610
477 621
477 622
477 623
477 625
477 627
477 629
477 238
477 632
477 634
477 636
477 639
477 544
477 642
477 424
477 646
477 648
477 650
477 653
477 432
477 658
477 442
477 444
477 445
477 447
477 232
477 449
477 450
477 453
477 456
477 459
477 559
477 470
477 474
477 492
477 593
477 595
477 192
477 111
40 628
40 630
40 633
40 635
40 636
40 638
40 644
40 269
40 647
40 654
40 655
40 656
40 657
40 442
40 446
40 145
40 452
40 459
40 559
40 464
40 275
40 468
40 473
40 492
479 627
479 629
479 238
479 632
479 634
479 636
479 639
479 544
479 642
479 646
479 648
479 650
479 653
479 658
479 442
479 444
479 445
479 447
479 232
479 449
479 450
479 453
479 456
479 459
479 559
479 474
479 492
480 608
480 610
480 621
480 622
480 623
480 625
480 627
480 629
480 238
480 632
480 634
480 636
480 639
480 544
480 642
480 646
480 648
480 650
480 653
480 658
480 442
480 444
480 445
480 447
480 232
480 449
480 450
480 453
480 456
480 459
480 559
480 470
480 474
480 477
480 479
480 492
480 593
480 595
480 192
480 111
481 607
481 609
481 611
481 613
481 286
481 624
481 628
481 630
481 633
481 635
481 636
481 638
481 644
481 269
481 647
481 654
481 655
481 656
481 657
481 440
481 442
481 443
481 446
481 145
481 452
481 458
481 459
481 559
481 464
481 275
481 468
481 469
481 473
481 492
481 591
481 594
481 597
481 598
481 601
481 606
482 612
482 615
482 616
482 617
482 217
482 619
482 636
482 637
482 257
482 262
482 280
482 651
482 652
482 659
482 660
482 441
482 442
482 454
482 248
482 251
482 459
482 460
482 461
482 462
482 559
482 465
482 466
482 471
482 472
482 476
482 492
483 636
483 637
483 257
483 262
483 280
483 651
483 652
483 659
483 660
483 441
483 442
483 454
483 248
483 251
483 459
483 460
483 461
483 462
483 559
483 465
483 466
483 471
483 472
483 476
483 482
483 492
484 640
484 423
484 123
484 17
484 208
484 385
306 627
306 629
306 238
306 632
306 634
306 636
306 639
306 544
306 642
306 646
306 648
306 650
306 653
306 658
306 442
306 444
306 447
306 232
306 449
306 456
306 459
306 559
306 470
306 474
306 477
306 479
306 490
306 492
486 636
486 637
486 257
486 262
486 280
486 651
486 652
486 659
486 660
486 442
486 454
486 251
486 459
486 461
486 559
486 465
486 466
486 471
486 472
486 476
486 482
486 492
487 154
487 52
487 279
487 56
488 257
488 482
488 483
488 262
488 454
488 486
488 251
488 280
488 651
488 652
488 491
488 465
488 466
488 659
488 660
488 471
488 472
488 476
488 637
309 699
309 511
309 284
309 395
309 373
309 208
309 131
309 88
309 398
309 558
309 405
309 97
309 45
309 573
309 49
309 717
309 154
309 716
309 719
309 161
309 500
309 503
490 623
490 625
490 627
490 629
490 238
490 632
490 634
490 636
490 639
490 544
490 642
490 646
490 648
490 650
490 653
490 658
490 442
490 444
490 445
490 447
490 232
490 449
490 450
490 453
490 456
490 459
490 559
490 470
490 474
490 477
490 479
490 492
491 619
491 636
491 637
491 257
491 262
491 280
491 651
491 652
491 659
491 660
491 441
491 442
491 454
491 248
491 251
491 459
491 460
491 461
491 462
491 559
491 465
491 466
491 471
491 472
491 476
491 482
491 483
491 486
491 492
492 480
492 639
492 544
492 642
492 470
492 306
492 646
492 648
492 650
492 490
492 653
492 477
492 658
492 629
492 632
492 474
492 634
492 636
492 479
493 138
493 279
493 305
493 359
494 497
494 666
495 494
495 496
495 666
495 498
495 499
495 497
496 497
496 666
497 666
498 496
498 497
498 666
499 494
499 496
499 497
499 666
500 190
500 309
500 229
500 150
500 42
501 494
501 495
501 496
501 497
501 498
501 499
501 666
502 412
502 299
504 506
504 332
505 506
505 332
505 504
507 512
507 506
507 332
507 504
508 677
508 505
508 506
508 507
508 510
508 392
508 512
508 504
508 667
508 668
508 672
508 341
508 332
508 676
509 677
509 505
509 506
509 507
509 508
509 510
509 392
509 512
509 504
509 341
509 685
509 332
509 667
509 668
509 671
509 672
509 422
509 675
509 676
510 677
510 505
510 506
510 507
510 512
510 667
510 504
510 341
510 332
510 676
340 579
340 314
340 291
340 279
340 235
340 309
340 388
340 50
340 556
340 63
340 362
340 706
340 383
340 42
340 242
340 252
512 506
512 332
513 505
513 507
513 508
513 509
513 510
513 392
513 512
513 514
513 526
513 527
513 528
513 667
513 668
513 671
513 672
513 341
513 675
513 676
513 677
513 422
513 679
513 357
513 684
513 685
513 686
513 332
513 504
514 505
514 506
514 507
514 508
514 509
514 510
514 392
514 512
514 667
514 668
514 671
514 672
514 341
514 675
514 676
514 677
514 422
514 679
514 684
514 685
514 332
514 504
515 505
515 506
515 507
515 508
515 509
515 510
515 392
515 512
515 513
515 514
515 518
515 526
515 527
515 528
515 529
515 536
515 667
515 668
515 671
515 672
515 341
515 675
515 676
515 677
515 422
515 679
515 357
515 684
515 685
515 686
515 332
515 504
349 680
349 681
349 682
349 687
349 519
349 520
349 521
349 522
349 524
349 525
349 669
349 670
349 530
349 531
349 673
349 533
349 377
517 349
517 519
517 520
517 521
517 522
517 524
517 525
517 530
517 531
517 533
517 534
517 377
517 669
517 670
517 673
517 680
517 681
517 682
517 687
517 368
517 692
517 693
517 375
451 188
451 423
451 68
519 680
519 681
519 682
519 520
519 522
519 525
519 669
519 670
519 530
519 531
519 673
519 533
520 680
520 681
520 682
520 522
520 525
520 669
520 670
520 530
520 531
520 673
520 533
521 680
521 681
521 682
521 520
521 522
521 524
521 525
521 669
521 670
521 530
521 531
521 673
521 533
522 680
522 681
522 682
522 669
522 670
522 673
361 349
361 517
361 519
361 520
361 521
361 522
361 524
361 525
361 530
361 531
361 532
361 533
361 534
361 377
361 669
361 670
361 673
361 680
361 681
361 682
361 687
361 368
361 692
361 693
361 375
524 680
524 681
524 682
524 522
524 525
524 669
524 670
524 530
524 531
524 673
524 533
525 680
525 681
525 682
525 522
525 669
525 670
525 673
525 533
526 505
526 506
526 507
526 508
526 509
526 510
526 392
526 512
526 667
526 668
526 671
526 672
526 341
526 675
526 676
526 677
526 422
526 679
526 357
526 684
526 685
526 332
526 504
527 505
527 506
527 507
527 508
527 509
527 510
527 392
527 512
527 514
527 526
527 667
527 668
527 671
527 672
527 341
527 675
527 676
527 677
527 422
527 679
527 357
527 684
527 685
527 332
527 504
528 505
528 506
528 507
528 508
528 509
528 510
528 392
528 512
528 514
528 667
528 668
528 671
528 672
528 341
528 675
528 676
528 677
528 422
528 679
528 357
528 684
528 685
528 332
528 504
529 505
529 506
529 507
529 508
529 509
529 510
529 392
529 512
529 513
529 514
529 526
529 527
529 528
529 536
529 667
529 668
529 671
529 672
529 341
529 675
529 676
529 677
529 422
529 679
529 357
529 684
529 685
529 686
529 332
529 504
530 680
530 681
530 682
530 669
530 670
530 673
530 533
531 680
531 681
531 682
531 522
531 669
531 670
531 530
531 673
531 533
532 349
532 519
532 520
532 521
532 522
532 524
532 525
532 530
532 531
532 533
532 534
532 377
532 669
532 670
532 673
532 680
532 681
532 682
532 687
532 692
532 693
532 375
533 669
533 673
533 680
533 681
533 682
534 531
534 680
534 681
534 682
534 687
534 349
534 519
534 520
534 521
534 522
534 524
534 525
534 669
534 670
534 530
534 692
534 673
534 533
534 377
377 680
377 681
377 682
377 519
377 520
377 522
377 524
377 525
377 669
377 670
377 530
377 531
377 673
377 533
536 505
536 506
536 507
536 508
536 509
536 510
536 392
536 512
536 514
536 526
536 527
536 528
536 667
536 668
536 671
536 672
536 341
536 675
536 676
536 677
536 422
536 679
536 357
536 684
536 685
536 332
536 504
537 190
537 720
537 569
537 576
537 706
537 577
537 199
537 252
538 296
539 138
398 154
398 309
398 279
398 63
398 123
541 383
541 399
541 391
542 78
542 89
542 73
542 75
542 92
542 141
542 209
542 17
543 568
543 722
545 474
545 459
545 548
545 488
545 515
545 559
545 695
545 501
545 442
545 492
545 636
545 475
545 546
546 474
546 459
546 548
546 488
546 515
546 559
546 695
546 501
546 442
546 492
546 636
546 475
547 313
547 309
547 568
547 50
547 214
547 261
547 126
547 41
547 209
547 271
547 385
548 474
548 459
548 488
548 515
548 559
548 695
548 501
548 442
548 492
548 636
548 475
549 27
549 28
549 19
549 334
549 21
549 25
549 26
550 82
550 423
550 334
551 188
551 380
552 208
553 47
554 311
555 243
556 45
556 284
556 231
557 388
557 291
558 236
558 279
558 309
558 227
558 42
559 608
559 610
559 621
559 622
559 623
559 625
559 424
559 425
559 427
559 429
559 430
559 432
559 435
559 218
559 445
559 450
559 453
559 590
559 593
559 595
559 192
559 111
560 29
560 31
560 157
560 159
560 198
560 4
561 423
561 359
561 317
561 412
561 278
561 253
562 362
563 578
563 305
563 309
563 575
563 60
563 278
563 279
564 268
564 233
564 309
564 59
564 407
564 304
564 36
564 287
564 277
564 369
564 412
564 279
564 63
564 252
565 182
565 30
565 265
566 130
566 72
566 196
566 233
566 720
566 52
566 391
566 99
566 154
566 304
567 193
567 279
567 63
567 311
568 51
568 713
568 135
568 722
568 152
568 54
568 243
569 537
569 720
569 199
569 210
641 110
641 206
641 229
571 390
571 698
571 123
572 413
573 309
574 316
574 186
575 578
575 256
575 643
575 229
575 17
575 412
575 305
575 563
576 314
576 537
576 246
576 231
576 307
576 206
576 371
577 537
577 138
577 346
577 206
577 321
578 268
578 283
578 423
578 291
578 229
578 203
578 327
578 575
578 410
578 150
578 618
578 412
578 390
578 184
578 178
578 265
578 60
579 118
579 112
579 256
579 67
579 279
579 150
579 154
579 252
581 208
581 200
581 300
581 703
581 701
581 119
581 222
581 278
581 373
581 154
581 215
160 586
160 151
160 582
585 160
585 586
585 151
585 582
585 589
586 151
168 588
589 586
589 151
589 582
590 426
590 168
590 588
590 431
590 583
591 607
591 609
591 611
591 613
591 594
591 597
591 598
591 440
591 601
592 151
592 582
592 160
592 585
592 428
592 589
592 586
592 433
592 434
592 436
592 437
592 439
592 599
592 187
592 604
592 605
592 596
593 429
593 424
593 425
593 426
593 427
593 168
593 588
593 431
593 583
593 435
593 432
593 218
593 430
593 590
594 607
594 609
594 611
594 597
594 598
594 440
594 601
595 608
595 429
595 425
595 424
595 583
595 426
595 427
595 168
595 588
595 431
595 621
595 622
595 435
595 610
595 432
595 218
595 593
595 430
595 111
595 590
596 151
596 582
596 160
596 585
596 428
596 589
596 433
596 434
596 436
596 437
596 439
596 599
596 187
596 586
597 609
597 611
597 598
599 151
599 582
599 160
599 585
599 428
599 589
599 433
599 434
599 436
599 437
599 439
599 586
187 151
187 582
187 160
187 585
187 428
187 589
187 433
187 434
187 436
187 437
187 439
187 586
601 440
601 609
601 611
601 598
192 608
192 429
192 425
192 424
192 583
192 426
192 427
192 168
192 588
192 431
192 621
192 622
192 435
192 610
192 432
192 218
192 593
192 430
192 111
192 590
233 566
233 358
233 403
233 310
233 457
233 564
233 53
233 137
233 370
233 344
233 153
604 151
604 582
604 160
604 585
604 428
604 589
604 433
604 434
604 436
604 437
604 439
604 599
604 187
604 586
604 596
605 151
605 582
605 160
605 585
605 428
605 589
605 433
605 434
605 436
605 437
605 439
605 599
605 187
605 586
605 596
606 607
606 609
606 611
606 613
606 597
606 598
606 440
606 601
607 609
607 611
607 597
607 598
607 440
607 601
608 429
608 424
608 425
608 426
608 427
608 168
608 588
608 431
608 583
608 435
608 610
608 432
608 218
608 593
608 430
608 111
608 590
609 598
610 429
610 424
610 425
610 426
610 427
610 168
610 588
610 431
610 583
610 435
610 432
610 218
610 593
610 430
610 590
612 151
612 582
612 434
612 160
612 585
612 428
612 620
612 589
612 586
612 433
612 592
612 436
612 437
612 439
612 599
612 187
612 626
612 604
612 605
612 596
613 607
613 609
613 611
613 597
613 598
613 440
613 601
286 607
286 609
286 611
286 613
286 591
286 594
286 597
286 598
286 440
286 601
286 606
615 151
615 582
615 434
615 160
615 585
615 428
615 589
615 586
615 433
615 592
615 436
615 437
615 439
615 599
615 187
615 626
615 604
615 605
615 596
616 612
616 615
616 620
616 626
616 428
616 433
616 434
616 436
616 437
616 439
616 151
616 582
616 160
616 585
616 586
616 589
616 592
616 596
616 599
616 187
616 604
616 605
617 612
617 615
617 620
617 626
617 428
617 433
617 434
617 436
617 437
617 439
617 151
617 582
617 160
617 585
617 586
617 589
617 592
617 596
617 599
617 187
617 604
617 605
217 612
217 434
217 615
217 585
217 428
217 620
217 604
217 433
217 592
217 436
217 437
217 439
217 599
217 187
217 626
217 617
217 605
217 596
619 612
619 615
619 616
619 617
619 217
619 620
619 626
619 428
619 433
619 434
619 436
619 437
619 439
619 160
619 585
619 589
619 592
619 596
619 599
619 187
619 604
619 605
620 151
620 582
620 434
620 160
620 585
620 428
620 589
620 586
620 433
620 592
620 436
620 437
620 439
620 599
620 187
620 626
620 604
620 605
620 596
621 429
621 424
621 425
621 426
621 427
621 168
621 588
621 431
621 583
621 435
621 610
621 432
621 218
621 593
621 430
621 111
621 590
622 429
622 424
622 425
622 426
622 427
622 168
622 588
622 431
622 621
622 583
622 435
622 610
622 432
622 218
622 593
622 430
622 111
622 590
623 608
623 429
623 425
623 424
623 583
623 426
623 427
623 168
623 588
623 431
623 621
623 622
623 435
623 610
623 595
623 432
623 218
623 593
623 430
623 111
623 590
624 607
624 609
624 611
624 613
624 594
624 597
624 598
624 440
624 601
624 606
625 608
625 610
625 621
625 622
625 424
625 425
625 426
625 427
625 429
625 430
625 431
625 432
625 435
625 218
625 583
625 168
625 588
625 590
625 593
625 595
625 192
625 111
626 151
626 582
626 160
626 585
626 428
626 589
626 433
626 434
626 436
626 437
626 439
626 599
626 187
626 586
626 605
626 596
627 608
627 610
627 621
627 622
627 623
627 625
627 492
627 636
627 424
627 425
627 426
627 427
627 429
627 430
627 431
627 432
627 435
627 218
627 442
627 445
627 450
627 453
627 459
627 559
627 583
627 168
627 588
627 590
627 593
627 595
627 192
627 111
628 607
628 609
628 443
628 452
628 613
628 286
628 601
628 458
628 459
628 559
628 591
628 624
628 594
628 597
628 598
628 440
628 611
628 442
628 492
628 636
628 606
629 608
629 610
629 621
629 622
629 623
629 625
629 627
629 238
629 492
629 636
629 424
629 425
629 426
629 427
629 429
629 430
629 431
629 432
629 435
629 218
629 442
629 444
629 445
629 447
629 232
629 449
629 450
629 453
629 168
629 456
629 459
629 559
629 583
629 646
629 588
629 590
629 593
629 595
629 192
629 111
630 607
630 609
630 611
630 613
630 286
630 624
630 628
630 636
630 440
630 442
630 443
630 446
630 452
630 458
630 459
630 559
630 492
630 591
630 594
630 597
630 598
630 601
630 606
238 608
238 610
238 621
238 622
238 623
238 625
238 627
238 636
238 424
238 429
238 432
238 442
238 444
238 445
238 449
238 450
238 453
238 456
238 459
238 559
238 492
238 593
238 595
238 192
238 111
632 623
632 625
632 627
632 629
632 238
632 636
632 544
632 642
632 646
632 648
632 650
632 653
632 442
632 444
632 445
632 447
632 232
632 449
632 450
632 453
632 456
632 459
632 559
632 492
632 595
632 192
633 607
633 609
633 611
633 613
633 286
633 624
633 628
633 630
633 635
633 636
633 440
633 442
633 443
633 446
633 145
633 452
633 458
633 459
633 559
633 464
633 275
633 492
633 591
633 594
633 597
633 598
633 601
633 606
634 608
634 610
634 621
634 622
634 623
634 625
634 627
634 629
634 238
634 632
634 636
634 544
634 642
634 646
634 648
634 650
634 653
634 658
634 442
634 444
634 445
634 447
634 232
634 449
634 450
634 453
634 456
634 459
634 559
634 492
634 593
634 595
634 192
634 111
635 607
635 609
635 611
635 613
635 286
635 624
635 628
635 630
635 636
635 440
635 442
635 443
635 446
635 145
635 452
635 458
635 459
635 559
635 464
635 492
635 591
635 594
635 597
635 598
635 601
635 606
636 608
636 610
636 621
636 622
636 623
636 625
636 627
636 629
636 238
636 642
636 424
636 425
636 426
636 427
636 429
636 430
636 431
636 432
636 435
636 218
636 444
636 445
636 447
636 232
636 449
636 450
636 453
636 168
636 456
636 650
636 559
636 583
636 646
636 588
636 590
636 593
636 595
636 192
636 111
637 262
637 651
637 454
637 248
637 251
637 280
637 459
637 619
637 461
637 462
637 559
637 466
637 659
637 660
637 471
637 472
637 441
637 442
637 492
637 460
637 636
252 234
252 125
252 287
252 369
252 704
252 323
252 291
252 196
252 93
252 320
252 42
252 101
252 180
252 144
252 350
252 220
252 383
252 154
252 329
252 118
252 268
252 420
252 193
252 537
252 274
252 411
252 723
252 120
639 608
639 622
639 623
639 625
639 627
639 629
639 238
639 632
639 636
639 544
639 642
639 646
639 648
639 650
639 653
639 658
639 442
639 444
639 445
639 447
639 232
639 449
639 450
639 453
639 456
639 459
639 559
639 492
639 595
639 192
257 612
257 615
257 616
257 617
257 217
257 619
257 620
257 626
257 636
257 262
257 280
257 651
257 652
257 434
257 436
257 659
257 437
257 439
257 441
257 442
257 660
257 454
257 248
257 251
257 459
257 460
257 461
257 462
257 559
257 466
257 471
257 472
257 604
257 492
257 592
257 596
257 599
257 187
257 428
257 605
544 608
544 610
544 621
544 622
544 623
544 625
544 627
544 629
544 238
544 636
544 642
544 424
544 425
544 427
544 429
544 432
544 435
544 218
544 442
544 444
544 445
544 447
544 232
544 449
544 450
544 453
544 456
544 650
544 459
544 559
544 646
544 492
544 593
544 595
544 648
544 192
544 111
642 608
642 610
642 621
642 622
642 623
642 625
642 627
642 238
642 492
642 636
642 424
642 425
642 426
642 427
642 429
642 430
642 431
642 432
642 435
642 218
642 442
642 444
642 445
642 447
642 232
642 449
642 450
642 453
642 168
642 456
642 459
642 559
642 583
642 646
642 588
642 590
642 593
642 595
642 192
642 111
262 612
262 615
262 616
262 617
262 217
262 619
262 620
262 626
262 636
262 428
262 433
262 434
262 436
262 437
262 439
262 441
262 442
262 454
262 248
262 251
262 459
262 460
262 461
262 462
262 559
262 466
262 471
262 160
262 585
262 586
262 589
262 492
262 592
262 596
262 599
262 187
262 604
262 605
644 443
644 464
644 145
644 452
644 286
644 458
644 459
644 559
644 591
644 624
644 657
644 275
644 633
644 628
644 630
644 442
644 492
644 635
644 636
644 446
644 655
269 613
269 286
269 624
269 628
269 630
269 633
269 635
269 636
269 655
269 657
269 442
269 443
269 446
269 145
269 452
269 458
269 459
269 559
269 464
269 275
269 492
269 591
269 594
269 606
646 608
646 610
646 621
646 622
646 623
646 625
646 627
646 238
646 492
646 636
646 424
646 425
646 426
646 427
646 429
646 430
646 431
646 432
646 435
646 218
646 442
646 444
646 445
646 232
646 449
646 450
646 453
646 456
646 459
646 559
646 583
646 168
646 588
646 590
646 593
646 595
646 192
646 111
647 286
647 624
647 628
647 630
647 633
647 635
647 636
647 644
647 655
647 657
647 442
647 443
647 446
647 145
647 452
647 458
647 459
647 559
647 464
647 275
647 492
647 591
647 594
647 606
648 608
648 610
648 621
648 622
648 623
648 625
648 627
648 629
648 238
648 636
648 642
648 646
648 442
648 444
648 445
648 447
648 232
648 449
648 450
648 453
648 456
648 459
648 559
648 492
648 593
648 595
648 192
648 111
280 612
280 616
280 617
280 217
280 619
280 636
280 262
280 651
280 659
280 660
280 441
280 442
280 454
280 248
280 251
280 459
280 460
280 461
280 462
280 559
280 466
280 471
280 472
280 492
650 608
650 621
650 622
650 623
650 625
650 627
650 238
650 636
650 642
650 646
650 442
650 444
650 445
650 447
650 232
650 449
650 450
650 453
650 456
650 459
650 559
650 492
650 595
650 192
651 612
651 615
651 616
651 617
651 217
651 619
651 620
651 626
651 636
651 262
651 441
651 442
651 454
651 248
651 251
651 459
651 460
651 461
651 462
651 559
651 466
651 471
651 472
651 492
651 592
651 596
651 599
651 187
651 604
651 605
652 612
652 615
652 616
652 617
652 217
652 619
652 620
652 626
652 636
652 262
652 428
652 651
652 434
652 436
652 659
652 437
652 439
652 441
652 442
652 660
652 454
652 248
652 251
652 459
652 460
652 461
652 462
652 559
652 466
652 471
652 472
652 492
652 592
652 596
652 599
652 187
652 604
652 605
653 608
653 610
653 621
653 622
653 623
653 625
653 627
653 629
653 238
653 636
653 642
653 424
653 425
653 427
653 429
653 430
653 432
653 435
653 218
653 442
653 444
653 445
653 447
653 232
653 449
653 450
653 453
653 456
653 650
653 459
653 559
653 646
653 492
653 593
653 595
653 648
653 192
653 111
654 607
654 609
654 611
654 613
654 286
654 624
654 628
654 630
654 633
654 635
654 636
654 644
654 269
654 647
654 655
654 657
654 440
654 442
654 443
654 446
654 145
654 452
654 458
654 459
654 559
654 464
654 275
654 492
654 591
654 594
654 597
654 598
654 601
654 606
655 607
655 609
655 611
655 613
655 286
655 624
655 628
655 630
655 633
655 635
655 636
655 657
655 440
655 442
655 443
655 446
655 145
655 452
655 458
655 459
655 559
655 464
655 275
655 492
655 591
655 594
655 597
655 598
655 601
655 606
656 607
656 609
656 611
656 613
656 286
656 624
656 628
656 630
656 633
656 635
656 636
656 638
656 644
656 269
656 647
656 654
656 655
656 657
656 440
656 442
656 443
656 446
656 145
656 452
656 458
656 459
656 559
656 464
656 275
656 492
656 591
656 594
656 597
656 598
656 601
656 606
657 607
657 609
657 611
657 613
657 286
657 624
657 628
657 630
657 633
657 635
657 636
657 440
657 442
657 443
657 446
657 145
657 452
657 458
657 459
657 559
657 464
657 275
657 492
657 591
657 594
657 597
657 598
657 601
657 606
658 608
658 610
658 621
658 622
658 623
658 625
658 627
658 629
658 238
658 636
658 544
658 642
658 424
658 646
658 427
658 429
658 653
658 432
658 435
658 218
658 442
658 444
658 445
658 447
658 232
658 449
658 450
658 453
658 456
658 650
658 459
658 559
658 492
658 593
658 595
658 648
658 192
658 111
659 612
659 615
659 616
659 617
659 217
659 619
659 620
659 636
659 441
659 442
659 454
659 248
659 251
659 459
659 460
659 461
659 462
659 559
659 466
659 471
659 472
659 492
660 612
660 615
660 616
660 617
660 217
660 619
660 620
660 626
660 636
660 262
660 428
660 433
660 434
660 436
660 659
660 437
660 439
660 441
660 442
660 454
660 248
660 251
660 459
660 460
660 461
660 462
660 559
660 466
660 471
660 472
660 585
660 492
660 592
660 596
660 599
660 187
660 604
660 605
661 350
661 147
661 130
661 220
662 82
662 261
662 167
662 291
663 413
690 208
690 149
690 575
664 115
664 696
665 149
665 17
665 25
667 505
667 506
667 507
667 512
667 504
667 341
667 332
667 676
668 505
668 506
668 507
668 512
668 667
668 504
668 341
668 332
668 676
669 682
670 669
670 673
670 681
670 682
671 677
671 505
671 506
671 507
671 510
671 392
671 512
671 504
671 332
671 667
671 668
671 672
671 341
671 675
671 676
672 677
672 505
672 506
672 507
672 512
672 667
672 668
672 504
672 341
672 332
672 676
673 681
673 682
341 505
341 506
341 507
341 512
341 332
341 504
675 677
675 505
675 506
675 507
675 510
675 512
675 504
675 667
675 668
675 672
675 341
675 332
675 676
676 512
676 505
676 506
676 332
676 504
677 505
677 506
677 507
677 512
677 504
677 341
677 332
677 676
348 73
348 50
348 17
348 129
679 677
679 505
679 506
679 507
679 508
679 510
679 392
679 512
679 504
679 684
679 341
679 685
679 332
679 667
679 668
679 671
679 672
679 422
679 675
679 676
680 669
680 681
680 682
357 677
357 505
357 506
357 507
357 508
357 509
357 510
357 392
357 512
357 504
357 684
357 341
357 685
357 332
357 667
357 668
357 671
357 672
357 422
357 675
357 676
684 677
684 505
684 506
684 507
684 508
684 510
684 392
684 512
684 504
684 341
684 332
684 667
684 668
684 671
684 672
684 422
684 675
684 676
685 677
685 505
685 506
685 507
685 508
685 510
685 392
685 512
685 504
685 332
685 667
685 668
685 671
685 672
685 341
685 675
685 676
686 505
686 506
686 507
686 508
686 509
686 510
686 392
686 512
686 514
686 526
686 528
686 667
686 668
686 671
686 672
686 341
686 675
686 676
686 677
686 422
686 679
686 357
686 684
686 685
686 332
686 504
687 680
687 681
687 682
687 519
687 520
687 521
687 522
687 524
687 525
687 669
687 670
687 530
687 531
687 673
687 533
687 377
688 349
688 519
688 520
688 521
688 522
688 524
688 525
688 530
688 531
688 532
688 533
688 534
688 377
688 669
688 670
688 673
688 680
688 681
688 682
688 687
688 368
688 692
688 693
688 375
689 349
689 517
689 519
689 520
689 521
689 522
689 361
689 524
689 525
689 530
689 531
689 532
689 533
689 534
689 377
689 669
689 670
689 673
689 680
689 681
689 682
689 687
689 688
689 368
689 692
689 693
689 374
689 375
290 349
290 517
290 519
290 520
290 521
290 522
290 361
290 524
290 525
290 530
290 531
290 532
290 533
290 534
290 377
290 669
290 670
290 673
290 680
290 681
290 682
290 687
290 688
290 368
290 692
290 693
290 374
290 375
368 349
368 519
368 520
368 521
368 522
368 524
368 525
368 530
368 531
368 533
368 534
368 377
368 669
368 670
368 673
368 680
368 681
368 682
368 687
368 692
368 693
368 375
692 680
692 681
692 682
692 519
692 520
692 521
692 522
692 524
692 525
692 669
692 670
692 530
692 531
692 673
692 533
692 377
693 531
693 680
693 681
693 682
693 687
693 349
693 519
693 520
693 521
693 522
693 524
693 525
693 669
693 670
693 530
693 692
693 673
693 533
693 377
374 349
374 517
374 519
374 520
374 521
374 522
374 524
374 525
374 530
374 531
374 532
374 533
374 534
374 377
374 669
374 670
374 673
374 680
374 681
374 687
374 688
374 368
374 692
374 693
374 375
695 349
695 517
695 519
695 520
695 521
695 522
695 361
695 524
695 525
695 530
695 531
695 532
695 533
695 534
695 377
695 669
695 670
695 673
695 680
695 681
695 682
695 687
695 688
695 689
695 290
695 368
695 692
695 693
695 374
695 375
375 531
375 520
375 680
375 681
375 682
375 687
375 349
375 519
375 693
375 521
375 522
375 524
375 525
375 669
375 670
375 530
375 692
375 673
375 533
375 377
697 423
697 100
697 413
697 50
697 60
697 150
697 188
697 373
697 279
697 63
697 252
698 571
698 249
698 100
698 154
698 227
699 193
699 28
699 309
699 711
699 261
700 129
700 17
700 423
701 581
701 279
701 317
701 25
701 73
701 209
701 17
701 385
342 283
342 323
342 150
342 314
342 371
342 42
342 242
342 252
703 255
703 581
703 247
703 146
703 317
703 163
703 119
703 373
703 63
704 252
706 716
706 291
706 196
706 293
706 229
706 266
706 537
706 383
706 344
721 279
708 407
709 231
709 283
709 150
710 65
710 85
710 260
710 123
710 92
710 182
710 385
711 401
711 699
711 193
711 337
711 9
711 14
711 261
711 44
712 138
712 122
717 309
717 252
713 568
714 258
714 42
714 309
714 279
714 242
714 252
715 208
715 307
715 304
716 282
716 234
716 316
716 229
716 383
716 719
716 412
716 97
716 42
678 208
678 420
420 678
420 350
420 404
420 307
420 391
420 252
718 45
718 131
718 284
718 231
718 252
719 190
719 716
719 511
719 220
719 418
719 147
719 229
719 311
719 59
719 150
719 383
719 344
719 42
719 309
719 252
720 356
720 578
720 283
720 190
720 537
720 193
720 247
720 352
720 124
720 231
720 569
720 421
720 199
720 210
707 316
707 252
707 63
707 706
722 568
722 543
723 138
723 233
723 252
724 423
724 309
724 50
724 73
724 318
724 334
724 41
724 154